[pipoint]
pi_x=298.500000
pi_y=0.000000
pi_z=32.000000
pi_step=0.010000
point_1_x=0.000000
point_1_y=0.000000
point_1_z=0.000000
point_1_u=0.000000
point_1_v=0.000000
point_1_w=0.000000
point_2_x=0.000000
point_2_y=0.000000
point_2_z=0.000000
point_2_u=0.000000
point_2_v=0.000000
point_2_w=0.000000
point_3_x=0.000000
point_3_y=0.000000
point_3_z=0.000000
point_3_u=0.000000
point_3_v=0.000000
point_3_w=0.000000
point_4_x=0.000000
point_4_y=0.000000
point_4_z=0.000000
point_4_u=0.000000
point_4_v=0.000000
point_4_w=0.000000
point_5_x=1.000000
point_5_y=2.000000
point_5_z=3.000000
point_5_u=1.000000
point_5_v=2.000000
point_5_w=3.000000
point_num1=0
point_num2=1
point_num3=2
point_num4=3
point_num5=4
point_step=0.000000
[dlg]
win_left=100
win_top=100
win_right=1000
win_bottom=800
mdlg_x=62
mdlg_y=4
log_left=216
log_top=228
log_right=1107
log_bottom=773
aadlg_x=100
aadlg_y=100
tcdlg_x=200
tcdlg_y=100
show_log=0
show_tc=0
show_aa_dlg=0
[guide_line]
show_center_line=1
center_line_width=2
center_line_type=0
center_line_color=3
show_field_line=0
field_line_width=2
field_line_type=0
field_line_color=3
field_line_location=
